29,6
29,5
3,2
3,1
3,3
10,196
10,164
10,141
10,19
10,278
10,95
10,237
10,2
10,3
11,8
11,28
11,5
11,7
11,23
11,2
11,3
9,7
9,2
9,3
8,10
52,3
8,4
52,1
8,11
51,4
51,3
8,8
8,12
8,2
8,3
0,317
51,1
50,6
50,4
50,3
12,2
12,1
50,1
49,3
12,3
49,1
47,4
47,3
47,1
46,4
46,3
46,1
45,5
45,4
45,3
45,1
40,5
40,4
40,3
40,1
39,4
39,3
39,1
38,3
19,2
19,1
38,1
37,3
19,3
37,1
36,5
36,4
36,3
36,2
36,1
35,6
35,5
35,4
35,3
35,2
35,1
34,8
34,7
34,6
34,5
34,4
34,3
34,2
34,1
33,4
33,3
33,1
32,6
32,4
32,3
32,1
31,4
31,3
31,1
30,7
30,6
30,5
30,4
30,3
30,2
30,1
29,4
29,3
29,2
29,1
28,3
28,1
27,11
27,10
27,9
27,8
27,7
27,6
27,5
27,4
27,3
27,1
27,0
26,5
26,4
26,3
